0.0000	0.7917
0.0050	0.8004
0.0100	0.8083
0.0150	0.8180
0.0200	0.8190
0.0250	0.8263
0.0300	0.8322
0.0350	0.8312
0.0400	0.8332
0.0450	0.8361
0.0500	0.8312
0.0550	0.8336
0.0600	0.8317
0.0650	0.8312
0.0700	0.8253
0.0750	0.8224
0.0800	0.8126
0.0850	0.8146
0.0900	0.8107
0.0950	0.8053
0.1000	0.7980
0.1050	0.7960
0.1100	0.7892
0.1150	0.7843
0.1200	0.7794
0.1250	0.7746
0.1300	0.7624
0.1350	0.7462
0.1400	0.7477
0.1450	0.7306
0.1500	0.7301
0.1550	0.7189
0.1600	0.7096
0.1650	0.6984
0.1700	0.6886
0.1750	0.6764
0.1800	0.6623
0.1850	0.6496
0.1900	0.6359
0.1950	0.6154
0.2000	0.6081
0.2050	0.5934
0.2100	0.5753
0.2150	0.5592
0.2200	0.5441
0.2250	0.5236
0.2300	0.5050
0.2350	0.4850
0.2400	0.4650
0.2450	0.4450
0.2500	0.4240
0.2550	0.4025
0.2600	0.3854
0.2650	0.3576
0.2700	0.3317
0.2750	0.3082
0.2800	0.2824
0.2850	0.2540
0.2900	0.2316
0.2950	0.2062
0.3000	0.1808
0.3050	0.1451
0.3100	0.1222
0.3150	0.0909
0.3200	0.0529
0.3250	0.0367
0.3300	0.0065
0.3350	-0.0228
0.3400	-0.0526
0.3450	-0.0819
0.3500	-0.1127
0.3550	-0.1425
0.3600	-0.1727
0.3650	-0.2020
0.3700	-0.2318
0.3750	-0.2606
0.3800	-0.2899
0.3850	-0.3202
0.3900	-0.3485
0.3950	-0.3764
0.4000	-0.4061
0.4050	-0.4310
0.4100	-0.4584
0.4150	-0.4804
0.4200	-0.5101
0.4250	-0.5351
0.4300	-0.5580
0.4350	-0.5810
0.4400	-0.6068
0.4450	-0.6249
0.4500	-0.6454
0.4550	-0.6630
0.4600	-0.6820
0.4650	-0.7055
0.4700	-0.7167
0.4750	-0.7401
0.4800	-0.7445
0.4850	-0.7572
0.4900	-0.7704
0.4950	-0.7763
0.5000	-0.7890
0.5050	-0.7982
0.5100	-0.8070
0.5150	-0.8109
0.5200	-0.8163
0.5250	-0.8207
0.5300	-0.8236
0.5350	-0.8246
0.5400	-0.8256
0.5450	-0.8256
0.5500	-0.8246
0.5550	-0.8256
0.5600	-0.8227
0.5650	-0.8197
0.5700	-0.8139
0.5750	-0.8227
0.5800	-0.8207
0.5850	-0.8070
0.5900	-0.8046
0.5950	-0.7973
0.6000	-0.7924
0.6050	-0.7875
0.6100	-0.7826
0.6150	-0.7758
0.6200	-0.7753
0.6250	-0.7616
0.6300	-0.7558
0.6350	-0.7504
0.6400	-0.7396
0.6450	-0.7260
0.6500	-0.7216
0.6550	-0.7084
0.6600	-0.7040
0.6650	-0.6825
0.6700	-0.6825
0.6750	-0.6684
0.6800	-0.6561
0.6850	-0.6435
0.6900	-0.6293
0.6950	-0.6107
0.7000	-0.6010
0.7050	-0.5863
0.7100	-0.5692
0.7150	-0.5531
0.7200	-0.5346
0.7250	-0.5170
0.7300	-0.4989
0.7350	-0.4750
0.7400	-0.4633
0.7450	-0.4389
0.7500	-0.4174
0.7550	-0.4057
0.7600	-0.3734
0.7650	-0.3529
0.7700	-0.3285
0.7750	-0.3051
0.7800	-0.2787
0.7850	-0.2538
0.7900	-0.2279
0.7950	-0.2006
0.8000	-0.1757
0.8050	-0.1473
0.8100	-0.1151
0.8150	-0.0936
0.8200	-0.0634
0.8250	-0.0306
0.8300	-0.0057
0.8350	0.0236
0.8400	0.0533
0.8450	0.0870
0.8500	0.1124
0.8550	0.1408
0.8600	0.1710
0.8650	0.2018
0.8700	0.2306
0.8750	0.2638
0.8800	0.2902
0.8850	0.3112
0.8900	0.3444
0.8950	0.3776
0.9000	0.3961
0.9050	0.4303
0.9100	0.4567
0.9150	0.4835
0.9200	0.5080
0.9250	0.5324
0.9300	0.5578
0.9350	0.5807
0.9400	0.6032
0.9450	0.6242
0.9500	0.6452
0.9550	0.6637
0.9600	0.6828
0.9650	0.6999
0.9700	0.7174
0.9750	0.7311
0.9800	0.7467
0.9850	0.7594
0.9900	0.7721
0.9950	0.7829
1.0000	0.7936
1.0050	0.8009
1.0100	0.8092
1.0150	0.8195
1.0200	0.8209
1.0250	0.8253
1.0300	0.8273
1.0350	0.8312
1.0400	0.8332
1.0450	0.8346
1.0500	0.8336
1.0550	0.8322
1.0600	0.8297
1.0650	0.8268
1.0700	0.8239
1.0750	0.8209
1.0800	0.8190
1.0850	0.8156
1.0900	0.8034
1.0950	0.8043
1.1000	0.7921
1.1050	0.7956
1.1100	0.7960
1.1150	0.7838
1.1200	0.7785
1.1250	0.7707
1.1300	0.7633
1.1350	0.7555
1.1400	0.7477
1.1450	0.7365
1.1500	0.7291
1.1550	0.7223
1.1600	0.7086
1.1650	0.6984
1.1700	0.6769
1.1750	0.6754
1.1800	0.6666
1.1850	0.6525
1.1900	0.6354
1.1950	0.6164
1.2000	0.6066
1.2050	0.5905
1.2100	0.5783
1.2150	0.5563
1.2200	0.5407
1.2250	0.5221
1.2300	0.5026
1.2350	0.4830
1.2400	0.4664
1.2450	0.4440
1.2500	0.4225
1.2550	0.3991
1.2600	0.3776
1.2650	0.3546
1.2700	0.3312
1.2750	0.3058
1.2800	0.2799
1.2850	0.2550
1.2900	0.2286
1.2950	0.2037
1.3000	0.1759
1.3050	0.1476
1.3100	0.1202
1.3150	0.0953
1.3200	0.0656
1.3250	0.0343
1.3300	0.0050
1.3350	-0.0248
1.3400	-0.0555
1.3450	-0.0839
1.3500	-0.1146
1.3550	-0.1454
1.3600	-0.1757
1.3650	-0.1991
1.3700	-0.2347
1.3750	-0.2640
1.3800	-0.2924
1.3850	-0.3212
1.3900	-0.3500
1.3950	-0.3793
1.4000	-0.4061
1.4050	-0.4335
1.4100	-0.4589
1.4150	-0.4862
1.4200	-0.5111
1.4250	-0.5365
1.4300	-0.5609
1.4350	-0.5897
1.4400	-0.6034
1.4450	-0.6269
1.4500	-0.6469
1.4550	-0.6669
1.4600	-0.6840
1.4650	-0.7016
1.4700	-0.7167
1.4750	-0.7348
1.4800	-0.7465
1.4850	-0.7587
1.4900	-0.7699
1.4950	-0.7802
1.5000	-0.7895
1.5050	-0.8046
1.5100	-0.8051
1.5150	-0.8114
1.5200	-0.8163
1.5250	-0.8202
1.5300	-0.8231
1.5350	-0.8251
1.5400	-0.8266
1.5450	-0.8329
1.5500	-0.8266
1.5550	-0.8246
1.5600	-0.8222
1.5650	-0.8192
1.5700	-0.8246
1.5750	-0.8139
1.5800	-0.8100
1.5850	-0.8065
1.5900	-0.8012
1.5950	-0.8065
1.6000	-0.7948
1.6050	-0.7880
1.6100	-0.7772
1.6150	-0.7714
1.6200	-0.7685
1.6250	-0.7597
1.6300	-0.7548
1.6350	-0.7475
1.6400	-0.7382
1.6450	-0.7299
1.6500	-0.7201
1.6550	-0.7113
1.6600	-0.7016
1.6650	-0.6908
1.6700	-0.6791
1.6750	-0.6669
1.6800	-0.6547
1.6850	-0.6410
1.6900	-0.6283
1.6950	-0.6132
1.7000	-0.5946
1.7050	-0.5844
1.7100	-0.5643
1.7150	-0.5531
1.7200	-0.5331
1.7250	-0.5165
1.7300	-0.4935
1.7350	-0.4857
1.7400	-0.4584
1.7450	-0.4374
1.7500	-0.4174
1.7550	-0.3934
1.7600	-0.3739
1.7650	-0.3495
1.7700	-0.3270
1.7750	-0.3016
1.7800	-0.2782
1.7850	-0.2499
1.7900	-0.2269
1.7950	-0.2015
1.8000	-0.1727
1.8050	-0.1454
1.8100	-0.1185
1.8150	-0.0892
1.8200	-0.0609
1.8250	-0.0326
1.8300	-0.0101
1.8350	0.0260
1.8400	0.0558
1.8450	0.0885
1.8500	0.1154
1.8550	0.1447
1.8600	0.1632
1.8650	0.2081
1.8700	0.2335
1.8750	0.2540
1.8800	0.2941
1.8850	0.3156
1.8900	0.3493
1.8950	0.3781
1.9000	0.4035
1.9050	0.4328
1.9100	0.4601
1.9150	0.4850
1.9200	0.5104
1.9250	0.5343
1.9300	0.5602
1.9350	0.5831
1.9400	0.6017
1.9450	0.6159
1.9500	0.6461
1.9550	0.6662
1.9600	0.6847
1.9650	0.7023
1.9700	0.7179
1.9750	0.7345
1.9800	0.7487
1.9850	0.7609
1.9900	0.7731
1.9950	0.7746