0.0000	5.5092
0.0050	5.6117
0.0100	5.6606
0.0150	5.7338
0.0200	5.8022
0.0250	5.8461
0.0300	5.8803
0.0350	5.8998
0.0400	5.9243
0.0450	5.9487
0.0500	5.8901
0.0550	5.8901
0.0600	5.8217
0.0650	5.7436
0.0700	5.6362
0.0750	5.5043
0.0800	5.3822
0.0850	5.2162
0.0900	5.0795
0.0950	4.9037
0.1000	4.7670
0.1050	4.6107
0.1100	4.4496
0.1150	4.2738
0.1200	4.1224
0.1250	3.9564
0.1300	3.7953
0.1350	3.6293
0.1400	3.4632
0.1450	3.3021
0.1500	3.1312
0.1550	2.9701
0.1600	2.8089
0.1650	2.6478
0.1700	2.4818
0.1750	2.3255
0.1800	2.1693
0.1850	2.0179
0.1900	1.8616
0.1950	1.7054
0.2000	1.5638
0.2050	1.4026
0.2100	1.2659
0.2150	1.1194
0.2200	0.9925
0.2250	0.8509
0.2300	0.6995
0.2350	0.5872
0.2400	0.4602
0.2450	0.3333
0.2500	0.2063
0.2550	0.0745
0.2600	-0.0281
0.2650	-0.1648
0.2700	-0.2673
0.2750	-0.3699
0.2800	-0.4822
0.2850	-0.5945
0.2900	-0.6922
0.2950	-0.7947
0.3000	-0.9021
0.3050	-1.0047
0.3100	-1.1023
0.3150	-1.2049
0.3200	-1.3269
0.3250	-1.4197
0.3300	-1.5223
0.3350	-1.6199
0.3400	-1.7420
0.3450	-1.8494
0.3500	-1.9568
0.3550	-2.0740
0.3600	-2.1912
0.3650	-2.3182
0.3700	-2.4451
0.3750	-2.5428
0.3800	-2.6551
0.3850	-2.7870
0.3900	-2.9090
0.3950	-3.0409
0.4000	-3.1971
0.4050	-3.2948
0.4100	-3.4510
0.4150	-3.5633
0.4200	-3.7098
0.4250	-3.8417
0.4300	-3.9833
0.4350	-4.1444
0.4400	-4.2714
0.4450	-4.4130
0.4500	-4.5497
0.4550	-4.6962
0.4600	-4.8085
0.4650	-4.9696
0.4700	-5.1015
0.4750	-5.2187
0.4800	-5.3456
0.4850	-5.4677
0.4900	-5.5751
0.4950	-5.6777
0.5000	-5.8046
0.5050	-5.8535
0.5100	-5.9462
0.5150	-6.0048
0.5200	-6.0537
0.5250	-6.1074
0.5300	-6.1367
0.5350	-6.1660
0.5400	-6.1562
0.5450	-6.1757
0.5500	-6.1562
0.5550	-6.1464
0.5600	-6.0537
0.5650	-5.9560
0.5700	-5.8339
0.5750	-5.6923
0.5800	-5.5654
0.5850	-5.4042
0.5900	-5.2724
0.5950	-5.1112
0.6000	-4.9501
0.6050	-4.8036
0.6100	-4.6229
0.6150	-4.4716
0.6200	-4.2958
0.6250	-4.1151
0.6300	-3.9589
0.6350	-3.7831
0.6400	-3.6317
0.6450	-3.4608
0.6500	-3.2997
0.6550	-3.1288
0.6600	-2.9725
0.6650	-2.8114
0.6700	-2.6551
0.6750	-2.4842
0.6800	-2.3377
0.6850	-2.1619
0.6900	-2.0154
0.6950	-1.8592
0.7000	-1.7078
0.7050	-1.5662
0.7100	-1.4197
0.7150	-1.2683
0.7200	-1.1463
0.7250	-0.9998
0.7300	-0.8582
0.7350	-0.7312
0.7400	-0.5945
0.7450	-0.4871
0.7500	-0.3504
0.7550	-0.2185
0.7600	-0.1209
0.7650	0.0159
0.7700	0.1233
0.7750	0.2112
0.7800	0.3479
0.7850	0.4505
0.7900	0.5579
0.7950	0.6653
0.8000	0.7678
0.8050	0.8557
0.8100	0.9729
0.8150	1.0804
0.8200	1.1927
0.8250	1.2854
0.8300	1.3929
0.8350	1.5003
0.8400	1.6028
0.8450	1.7151
0.8500	1.8226
0.8550	1.9105
0.8600	2.0569
0.8650	2.1693
0.8700	2.2816
0.8750	2.3988
0.8800	2.4964
0.8850	2.6380
0.8900	2.7650
0.8950	2.8871
0.9000	3.0189
0.9050	3.1312
0.9100	3.2972
0.9150	3.4095
0.9200	3.5365
0.9250	3.6683
0.9300	3.8050
0.9350	3.9125
0.9400	4.0736
0.9450	4.2152
0.9500	4.3373
0.9550	4.4838
0.9600	4.6107
0.9650	4.7377
0.9700	4.8695
0.9750	4.9721
0.9800	5.1039
0.9850	5.2211
0.9900	5.3236
0.9950	5.4262
1.0000	5.5287
1.0050	5.5873
1.0100	5.6752
1.0150	5.7338
1.0200	5.7778
1.0250	5.8461
1.0300	5.8852
1.0350	5.9096
1.0400	5.8950
1.0450	5.9243
1.0500	5.9096
1.0550	5.8803
1.0600	5.8266
1.0650	5.7241
1.0700	5.6166
1.0750	5.4994
1.0800	5.3920
1.0850	5.2162
1.0900	5.0649
1.0950	4.9184
1.1000	4.7523
1.1050	4.5912
1.1100	4.4545
1.1150	4.2640
1.1200	4.0980
1.1250	3.9467
1.1300	3.7855
1.1350	3.6146
1.1400	3.4779
1.1450	3.2875
1.1500	3.1214
1.1550	2.9603
1.1600	2.7894
1.1650	2.6478
1.1700	2.4671
1.1750	2.3157
1.1800	2.1546
1.1850	2.0032
1.1900	1.8470
1.1950	1.7005
1.2000	1.5394
1.2050	1.4026
1.2100	1.2659
1.2150	1.0950
1.2200	0.9778
1.2250	0.8411
1.2300	0.7093
1.2350	0.5774
1.2400	0.4505
1.2450	0.3235
1.2500	0.1917
1.2550	0.0793
1.2600	-0.0818
1.2650	-0.1502
1.2700	-0.2722
1.2750	-0.3943
1.2800	-0.4431
1.2850	-0.5945
1.2900	-0.6922
1.2950	-0.7996
1.3000	-0.9265
1.3050	-1.0144
1.3100	-1.1267
1.3150	-1.2244
1.3200	-1.3221
1.3250	-1.4246
1.3300	-1.5418
1.3350	-1.6395
1.3400	-1.7615
1.3450	-1.8494
1.3500	-1.9666
1.3550	-2.0838
1.3600	-2.2156
1.3650	-2.3084
1.3700	-2.4354
1.3750	-2.5135
1.3800	-2.6746
1.3850	-2.7967
1.3900	-2.9139
1.3950	-3.0750
1.4000	-3.1678
1.4050	-3.3143
1.4100	-3.4266
1.4150	-3.5682
1.4200	-3.7147
1.4250	-3.8319
1.4300	-3.9979
1.4350	-4.1298
1.4400	-4.2518
1.4450	-4.4227
1.4500	-4.5692
1.4550	-4.7060
1.4600	-4.8427
1.4650	-4.9794
1.4700	-5.0917
1.4750	-5.2382
1.4800	-5.3798
1.4850	-5.4775
1.4900	-5.5898
1.4950	-5.6825
1.5000	-5.7949
1.5050	-5.8339
1.5100	-5.9462
1.5150	-6.0292
1.5200	-6.0683
1.5250	-6.1074
1.5300	-6.1464
1.5350	-6.1806
1.5400	-6.1757
1.5450	-6.1855
1.5500	-6.1562
1.5550	-6.1367
1.5600	-6.0927
1.5650	-5.9462
1.5700	-5.8193
1.5750	-5.6972
1.5800	-5.5556
1.5850	-5.4042
1.5900	-5.2577
1.5950	-5.0966
1.6000	-4.9452
1.6050	-4.7645
1.6100	-4.6132
1.6150	-4.4472
1.6200	-4.2763
1.6250	-4.0956
1.6300	-3.9491
1.6350	-3.7831
1.6400	-3.6171
1.6450	-3.4462
1.6500	-3.2850
1.6550	-3.1141
1.6600	-2.9383
1.6650	-2.7918
1.6700	-2.6209
1.6750	-2.4744
1.6800	-2.3133
1.6850	-2.1619
1.6900	-2.0057
1.6950	-1.8494
1.7000	-1.6980
1.7050	-1.5467
1.7100	-1.3855
1.7150	-1.2928
1.7200	-1.1316
1.7250	-0.9803
1.7300	-0.8533
1.7350	-0.7215
1.7400	-0.5945
1.7450	-0.4480
1.7500	-0.3406
1.7550	-0.2332
1.7600	-0.0916
1.7650	0.0159
1.7700	0.1331
1.7750	0.2405
1.7800	0.3333
1.7850	0.4602
1.7900	0.5676
1.7950	0.6751
1.8000	0.7727
1.8050	0.8704
1.8100	0.9827
1.8150	1.1097
1.8200	1.1975
1.8250	1.2952
1.8300	1.4075
1.8350	1.4710
1.8400	1.6175
1.8450	1.7103
1.8500	1.8372
1.8550	1.9300
1.8600	2.0374
1.8650	2.1741
1.8700	2.2962
1.8750	2.4085
1.8800	2.5257
1.8850	2.6283
1.8900	2.7601
1.8950	2.8968
1.9000	2.9945
1.9050	3.1458
1.9100	3.2826
1.9150	3.4046
1.9200	3.5511
1.9250	3.6781
1.9300	3.8148
1.9350	3.9418
1.9400	4.0834
1.9450	4.2006
1.9500	4.3471
1.9550	4.4935
1.9600	4.6254
1.9650	4.7475
1.9700	4.8793
1.9750	5.0014
1.9800	5.1186
1.9850	5.2211
1.9900	5.3334
1.9950	5.4311